J = 7e-6;
Cm = 1.3;
Cw = 3.15;
La = 0.0015;
R = 8;
Lew = 0.013;
f = 0.001;
